cut-section-program/input/bathy.asc
ncols         18
nrows         13200
xllcorner     0
yllcorner     0
cellsize      50
NODATA_value  -9999
[rows 1998 to 2071 of 13200, columns 0 to 17 of 18]
2733.064226 2711.236256 2689.408286 2667.580316 2645.752346 2623.924376 2602.096406 2602.096406 2602.096406 2602.096406 2602.096406 2602.096406 2624.930916 2647.765426 2670.599936 2693.434446 2716.268956 2739.103466
2732.855828 2711.027858 2689.199888 2667.371918 2645.543948 2623.715978 2601.888008 2601.888008 2601.888008 2601.888008 2601.888008 2601.888008 2624.722518 2647.557028 2670.391538 2693.226048 2716.060558 2738.895068
2732.64743 2710.81946 2688.99149 2667.16352 2645.33555 2623.50758 2601.67961 2601.67961 2601.67961 2601.67961 2601.67961 2601.67961 2624.51412 2647.34863 2670.18314 2693.01765 2715.85216 2738.68667
2732.439032 2710.611062 2688.783092 2666.955122 2645.127152 2623.299182 2601.471212 2601.471212 2601.471212 2601.471212 2601.471212 2601.471212 2624.305722 2647.140232 2669.974742 2692.809252 2715.643762 2738.478272
2732.230634 2710.402664 2688.574694 2666.746724 2644.918754 2623.090784 2601.262814 2601.262814 2601.262814 2601.262814 2601.262814 2601.262814 2624.097324 2646.931834 2669.766344 2692.600854 2715.435364 2738.269874
2732.022236 2710.194266 2688.366296 2666.538326 2644.710356 2622.882386 2601.054416 2601.054416 2601.054416 2601.054416 2601.054416 2601.054416 2623.888926 2646.723436 2669.557946 2692.392456 2715.226966 2738.061476
2731.813838 2709.985868 2688.157898 2666.329928 2644.501958 2622.673988 2600.846018 2600.846018 2600.846018 2600.846018 2600.846018 2600.846018 2623.680528 2646.515038 2669.349548 2692.184058 2715.018568 2737.853078
2731.60544 2709.77747 2687.9495 2666.12153 2644.29356 2622.46559 2600.63762 2600.63762 2600.63762 2600.63762 2600.63762 2600.63762 2623.47213 2646.30664 2669.14115 2691.97566 2714.81017 2737.64468
2731.397042 2709.569072 2687.741102 2665.913132 2644.085162 2622.257192 2600.429222 2600.429222 2600.429222 2600.429222 2600.429222 2600.429222 2623.263732 2646.098242 2668.932752 2691.767262 2714.601772 2737.436282
2731.188644 2709.360674 2687.532704 2665.704734 2643.876764 2622.048794 2600.220824 2600.220824 2600.220824 2600.220824 2600.220824 2600.220824 2623.055334 2645.889844 2668.724354 2691.558864 2714.393374 2737.227884
2730.980246 2709.152276 2687.324306 2665.496336 2643.668366 2621.840396 2600.012426 2600.012426 2600.012426 2600.012426 2600.012426 2600.012426 2622.846936 2645.681446 2668.515956 2691.350466 2714.184976 2737.019486
2730.771848 2708.943878 2687.115908 2665.287938 2643.459968 2621.631998 2599.804028 2599.804028 2599.804028 2599.804028 2599.804028 2599.804028 2622.638538 2645.473048 2668.307558 2691.142068 2713.976578 2736.811088
2730.56345 2708.73548 2686.90751 2665.07954 2643.25157 2621.4236 2599.59563 2599.59563 2599.59563 2599.59563 2599.59563 2599.59563 2622.43014 2645.26465 2668.09916 2690.93367 2713.76818 2736.60269
2730.355052 2708.527082 2686.699112 2664.871142 2643.043172 2621.215202 2599.387232 2599.387232 2599.387232 2599.387232 2599.387232 2599.387232 2622.221742 2645.056252 2667.890762 2690.725272 2713.559782 2736.394292
2730.146654 2708.318684 2686.490714 2664.662744 2642.834774 2621.006804 2599.178834 2599.178834 2599.178834 2599.178834 2599.178834 2599.178834 2622.013344 2644.847854 2667.682364 2690.516874 2713.351384 2736.185894
2729.938256 2708.110286 2686.282316 2664.454346 2642.626376 2620.798406 2598.970436 2598.970436 2598.970436 2598.970436 2598.970436 2598.970436 2621.804946 2644.639456 2667.473966 2690.308476 2713.142986 2735.977496
2729.729858 2707.901888 2686.073918 2664.245948 2642.417978 2620.590008 2598.762038 2598.762038 2598.762038 2598.762038 2598.762038 2598.762038 2621.596548 2644.431058 2667.265568 2690.100078 2712.934588 2735.769098
2729.52146 2707.69349 2685.86552 2664.03755 2642.20958 2620.38161 2598.55364 2598.55364 2598.55364 2598.55364 2598.55364 2598.55364 2621.38815 2644.22266 2667.05717 2689.89168 2712.72619 2735.5607
2729.313062 2707.485092 2685.657122 2663.829152 2642.001182 2620.173212 2598.345242 2598.345242 2598.345242 2598.345242 2598.345242 2598.345242 2621.179752 2644.014262 2666.848772 2689.683282 2712.517792 2735.352302
2729.104664 2707.276694 2685.448724 2663.620754 2641.792784 2619.964814 2598.136844 2598.136844 2598.136844 2598.136844 2598.136844 2598.136844 2620.971354 2643.805864 2666.640374 2689.474884 2712.309394 2735.143904
2728.896265 2707.068295 2685.240325 2663.412355 2641.584385 2619.756415 2597.928445 2597.928445 2597.928445 2597.928445 2597.928445 2597.928445 2620.762955 2643.597465 2666.431975 2689.266485 2712.100995 2734.935505
2728.687867 2706.859897 2685.031927 2663.203957 2641.375987 2619.548017 2597.720047 2597.720047 2597.720047 2597.720047 2597.720047 2597.720047 2620.554557 2643.389067 2666.223577 2689.058087 2711.892597 2734.727107
2728.479469 2706.651499 2684.823529 2662.995559 2641.167589 2619.339619 2597.511649 2597.511649 2597.511649 2597.511649 2597.511649 2597.511649 2620.346159 2643.180669 2666.015179 2688.849689 2711.684199 2734.518709
2728.271071 2706.443101 2684.615131 2662.787161 2640.959191 2619.131221 2597.303251 2597.303251 2597.303251 2597.303251 2597.303251 2597.303251 2620.137761 2642.972271 2665.806781 2688.641291 2711.475801 2734.310311
2728.062673 2706.234703 2684.406733 2662.578763 2640.750793 2618.922823 2597.094853 2597.094853 2597.094853 2597.094853 2597.094853 2597.094853 2619.929363 2642.763873 2665.598383 2688.432893 2711.267403 2734.101913
2727.854275 2706.026305 2684.198335 2662.370365 2640.542395 2618.714425 2596.886455 2596.886455 2596.886455 2596.886455 2596.886455 2596.886455 2619.720965 2642.555475 2665.389985 2688.224495 2711.059005 2733.893515
2727.645877 2705.817907 2683.989937 2662.161967 2640.333997 2618.506027 2596.678057 2596.678057 2596.678057 2596.678057 2596.678057 2596.678057 2619.512567 2642.347077 2665.181587 2688.016097 2710.850607 2733.685117
2727.437479 2705.609509 2683.781539 2661.953569 2640.125599 2618.297629 2596.469659 2596.469659 2596.469659 2596.469659 2596.469659 2596.469659 2619.304169 2642.138679 2664.973189 2687.807699 2710.642209 2733.476719
2727.229081 2705.401111 2683.573141 2661.745171 2639.917201 2618.089231 2596.261261 2596.261261 2596.261261 2596.261261 2596.261261 2596.261261 2619.095771 2641.930281 2664.764791 2687.599301 2710.433811 2733.268321
2727.020683 2705.192713 2683.364743 2661.536773 2639.708803 2617.880833 2596.052863 2596.052863 2596.052863 2596.052863 2596.052863 2596.052863 2618.887373 2641.721883 2664.556393 2687.390903 2710.225413 2733.059923
2726.812285 2704.984315 2683.156345 2661.328375 2639.500405 2617.672435 2595.844465 2595.844465 2595.844465 2595.844465 2595.844465 2595.844465 2618.678975 2641.513485 2664.347995 2687.182505 2710.017015 2732.851525
2726.603887 2704.775917 2682.947947 2661.119977 2639.292007 2617.464037 2595.636067 2595.636067 2595.636067 2595.636067 2595.636067 2595.636067 2618.470577 2641.305087 2664.139597 2686.974107 2709.808617 2732.643127
2726.395489 2704.567519 2682.739549 2660.911579 2639.083609 2617.255639 2595.427669 2595.427669 2595.427669 2595.427669 2595.427669 2595.427669 2618.262179 2641.096689 2663.931199 2686.765709 2709.600219 2732.434729
2726.187091 2704.359121 2682.531151 2660.703181 2638.875211 2617.047241 2595.219271 2595.219271 2595.219271 2595.219271 2595.219271 2595.219271 2618.053781 2640.888291 2663.722801 2686.557311 2709.391821 2732.226331
2725.978693 2704.150723 2682.322753 2660.494783 2638.666813 2616.838843 2595.010873 2595.010873 2595.010873 2595.010873 2595.010873 2595.010873 2617.845383 2640.679893 2663.514403 2686.348913 2709.183423 2732.017933
2725.770295 2703.942325 2682.114355 2660.286385 2638.458415 2616.630445 2594.802475 2594.802475 2594.802475 2594.802475 2594.802475 2594.802475 2617.636985 2640.471495 2663.306005 2686.140515 2708.975025 2731.809535
2725.561897 2703.733927 2681.905957 2660.077987 2638.250017 2616.422047 2594.594077 2594.594077 2594.594077 2594.594077 2594.594077 2594.594077 2617.428587 2640.263097 2663.097607 2685.932117 2708.766627 2731.601137
2725.353499 2703.525529 2681.697559 2659.869589 2638.041619 2616.213649 2594.385679 2594.385679 2594.385679 2594.385679 2594.385679 2594.385679 2617.220189 2640.054699 2662.889209 2685.723719 2708.558229 2731.392739
2725.145101 2703.317131 2681.489161 2659.661191 2637.833221 2616.005251 2594.177281 2594.177281 2594.177281 2594.177281 2594.177281 2594.177281 2617.011791 2639.846301 2662.680811 2685.515321 2708.349831 2731.184341
2724.936702 2703.108732 2681.280762 2659.452792 2637.624822 2615.796852 2593.968882 2593.968882 2593.968882 2593.968882 2593.968882 2593.968882 2616.803392 2639.637902 2662.472412 2685.306922 2708.141432 2730.975942
2724.728304 2702.900334 2681.072364 2659.244394 2637.416424 2615.588454 2593.760484 2593.760484 2593.760484 2593.760484 2593.760484 2593.760484 2616.594994 2639.429504 2662.264014 2685.098524 2707.933034 2730.767544
2724.519906 2702.691936 2680.863966 2659.035996 2637.208026 2615.380056 2593.552086 2593.552086 2593.552086 2593.552086 2593.552086 2593.552086 2616.386596 2639.221106 2662.055616 2684.890126 2707.724636 2730.559146
2724.311508 2702.483538 2680.655568 2658.827598 2636.999628 2615.171658 2593.343688 2593.343688 2593.343688 2593.343688 2593.343688 2593.343688 2616.178198 2639.012708 2661.847218 2684.681728 2707.516238 2730.350748
2724.10311 2702.27514 2680.44717 2658.6192 2636.79123 2614.96326 2593.13529 2593.13529 2593.13529 2593.13529 2593.13529 2593.13529 2615.9698 2638.80431 2661.63882 2684.47333 2707.30784 2730.14235
2723.894712 2702.066742 2680.238772 2658.410802 2636.582832 2614.754862 2592.926892 2592.926892 2592.926892 2592.926892 2592.926892 2592.926892 2615.761402 2638.595912 2661.430422 2684.264932 2707.099442 2729.933952
2723.686314 2701.858344 2680.030374 2658.202404 2636.374434 2614.546464 2592.718494 2592.718494 2592.718494 2592.718494 2592.718494 2592.718494 2615.553004 2638.387514 2661.222024 2684.056534 2706.891044 2729.725554
2723.477916 2701.649946 2679.821976 2657.994006 2636.166036 2614.338066 2592.510096 2592.510096 2592.510096 2592.510096 2592.510096 2592.510096 2615.344606 2638.179116 2661.013626 2683.848136 2706.682646 2729.517156
2723.269518 2701.441548 2679.613578 2657.785608 2635.957638 2614.129668 2592.301698 2592.301698 2592.301698 2592.301698 2592.301698 2592.301698 2615.136208 2637.970718 2660.805228 2683.639738 2706.474248 2729.308758
2723.06112 2701.23315 2679.40518 2657.57721 2635.74924 2613.92127 2592.0933 2592.0933 2592.0933 2592.0933 2592.0933 2592.0933 2614.92781 2637.76232 2660.59683 2683.43134 2706.26585 2729.10036
2722.852722 2701.024752 2679.196782 2657.368812 2635.540842 2613.712872 2591.884902 2591.884902 2591.884902 2591.884902 2591.884902 2591.884902 2614.719412 2637.553922 2660.388432 2683.222942 2706.057452 2728.891962
2722.644324 2700.816354 2678.988384 2657.160414 2635.332444 2613.504474 2591.676504 2591.676504 2591.676504 2591.676504 2591.676504 2591.676504 2614.511014 2637.345524 2660.180034 2683.014544 2705.849054 2728.683564
2722.435926 2700.607956 2678.779986 2656.952016 2635.124046 2613.296076 2591.468106 2591.468106 2591.468106 2591.468106 2591.468106 2591.468106 2614.302616 2637.137126 2659.971636 2682.806146 2705.640656 2728.475166
2722.227528 2700.399558 2678.571588 2656.743618 2634.915648 2613.087678 2591.259708 2591.259708 2591.259708 2591.259708 2591.259708 2591.259708 2614.094218 2636.928728 2659.763238 2682.597748 2705.432258 2728.266768
2722.01913 2700.19116 2678.36319 2656.53522 2634.70725 2612.87928 2591.05131 2591.05131 2591.05131 2591.05131 2591.05131 2591.05131 2613.88582 2636.72033 2659.55484 2682.38935 2705.22386 2728.05837
2721.810732 2699.982762 2678.154792 2656.326822 2634.498852 2612.670882 2590.842912 2590.842912 2590.842912 2590.842912 2590.842912 2590.842912 2613.677422 2636.511932 2659.346442 2682.180952 2705.015462 2727.849972
2721.602334 2699.774364 2677.946394 2656.118424 2634.290454 2612.462484 2590.634514 2590.634514 2590.634514 2590.634514 2590.634514 2590.634514 2613.469024 2636.303534 2659.138044 2681.972554 2704.807064 2727.641574
2721.393936 2699.565966 2677.737996 2655.910026 2634.082056 2612.254086 2590.426116 2590.426116 2590.426116 2590.426116 2590.426116 2590.426116 2613.260626 2636.095136 2658.929646 2681.764156 2704.598666 2727.433176
2721.185538 2699.357568 2677.529598 2655.701628 2633.873658 2612.045688 2590.217718 2590.217718 2590.217718 2590.217718 2590.217718 2590.217718 2613.052228 2635.886738 2658.721248 2681.555758 2704.390268 2727.224778
2720.977139 2699.149169 2677.321199 2655.493229 2633.665259 2611.837289 2590.009319 2590.009319 2590.009319 2590.009319 2590.009319 2590.009319 2612.843829 2635.678339 2658.512849 2681.347359 2704.181869 2727.016379
2720.768741 2698.940771 2677.112801 2655.284831 2633.456861 2611.628891 2589.800921 2589.800921 2589.800921 2589.800921 2589.800921 2589.800921 2612.635431 2635.469941 2658.304451 2681.138961 2703.973471 2726.807981
2720.560343 2698.732373 2676.904403 2655.076433 2633.248463 2611.420493 2589.592523 2589.592523 2589.592523 2589.592523 2589.592523 2589.592523 2612.427033 2635.261543 2658.096053 2680.930563 2703.765073 2726.599583
2720.351945 2698.523975 2676.696005 2654.868035 2633.040065 2611.212095 2589.384125 2589.384125 2589.384125 2589.384125 2589.384125 2589.384125 2612.218635 2635.053145 2657.887655 2680.722165 2703.556675 2726.391185
2720.143547 2698.315577 2676.487607 2654.659637 2632.831667 2611.003697 2589.175727 2589.175727 2589.175727 2589.175727 2589.175727 2589.175727 2612.010237 2634.844747 2657.679257 2680.513767 2703.348277 2726.182787
2719.935149 2698.107179 2676.279209 2654.451239 2632.623269 2610.795299 2588.967329 2588.967329 2588.967329 2588.967329 2588.967329 2588.967329 2611.801839 2634.636349 2657.470859 2680.305369 2703.139879 2725.974389
2719.726751 2697.898781 2676.070811 2654.242841 2632.414871 2610.586901 2588.758931 2588.758931 2588.758931 2588.758931 2588.758931 2588.758931 2611.593441 2634.427951 2657.262461 2680.096971 2702.931481 2725.765991
2719.518353 2697.690383 2675.862413 2654.034443 2632.206473 2610.378503 2588.550533 2588.550533 2588.550533 2588.550533 2588.550533 2588.550533 2611.385043 2634.219553 2657.054063 2679.888573 2702.723083 2725.557593
2719.309955 2697.481985 2675.654015 2653.826045 2631.998075 2610.170105 2588.342135 2588.342135 2588.342135 2588.342135 2588.342135 2588.342135 2611.176645 2634.011155 2656.845665 2679.680175 2702.514685 2725.349195
2719.101557 2697.273587 2675.445617 2653.617647 2631.789677 2609.961707 2588.133737 2588.133737 2588.133737 2588.133737 2588.133737 2588.133737 2610.968247 2633.802757 2656.637267 2679.471777 2702.306287 2725.140797
2718.893159 2697.065189 2675.237219 2653.409249 2631.581279 2609.753309 2587.925339 2587.925339 2587.925339 2587.925339 2587.925339 2587.925339 2610.759849 2633.594359 2656.428869 2679.263379 2702.097889 2724.932399
2718.684761 2696.856791 2675.028821 2653.200851 2631.372881 2609.544911 2587.716941 2587.716941 2587.716941 2587.716941 2587.716941 2587.716941 2610.551451 2633.385961 2656.220471 2679.054981 2701.889491 2724.724001
2718.476363 2696.648393 2674.820423 2652.992453 2631.164483 2609.336513 2587.508543 2587.508543 2587.508543 2587.508543 2587.508543 2587.508543 2610.343053 2633.177563 2656.012073 2678.846583 2701.681093 2724.515603
2718.267965 2696.439995 2674.612025 2652.784055 2630.956085 2609.128115 2587.300145 2587.300145 2587.300145 2587.300145 2587.300145 2587.300145 2610.134655 2632.969165 2655.803675 2678.638185 2701.472695 2724.307205
2718.059567 2696.231597 2674.403627 2652.575657 2630.747687 2608.919717 2587.091747 2587.091747 2587.091747 2587.091747 2587.091747 2587.091747 2609.926257 2632.760767 2655.595277 2678.429787 2701.264297 2724.098807
2717.851169 2696.023199 2674.195229 2652.367259 2630.539289 2608.711319 2586.883349 2586.883349 2586.883349 2586.883349 2586.883349 2586.883349 2609.717859 2632.552369 2655.386879 2678.221389 2701.055899 2723.890409
