cut-section-program/input/bathy.asc
ncols         18
nrows         13200
xllcorner     0
yllcorner     0
cellsize      50
NODATA_value  -9999
[rows 10730 to 10803 of 13200, columns 0 to 17 of 18]
1877.03946 1867.97405 1858.90864 1849.84323 1840.77782 1831.71241 1822.647 1822.647 1822.647 1822.647 1822.647 1822.647 1826.61471 1830.58242 1834.55013 1838.51784 1842.48555 1846.45326
1877.00306 1867.93765 1858.87224 1849.80683 1840.74142 1831.67601 1822.6106 1822.6106 1822.6106 1822.6106 1822.6106 1822.6106 1826.57831 1830.54602 1834.51373 1838.48144 1842.44915 1846.41686
1876.96666 1867.90125 1858.83584 1849.77043 1840.70502 1831.63961 1822.5742 1822.5742 1822.5742 1822.5742 1822.5742 1822.5742 1826.54191 1830.50962 1834.47733 1838.44504 1842.41275 1846.38046
1876.93026 1867.86485 1858.79944 1849.73403 1840.66862 1831.60321 1822.5378 1822.5378 1822.5378 1822.5378 1822.5378 1822.5378 1826.50551 1830.47322 1834.44093 1838.40864 1842.37635 1846.34406
1876.89386 1867.82845 1858.76304 1849.69763 1840.63222 1831.56681 1822.5014 1822.5014 1822.5014 1822.5014 1822.5014 1822.5014 1826.46911 1830.43682 1834.40453 1838.37224 1842.33995 1846.30766
1876.85746 1867.79205 1858.72664 1849.66123 1840.59582 1831.53041 1822.465 1822.465 1822.465 1822.465 1822.465 1822.465 1826.43271 1830.40042 1834.36813 1838.33584 1842.30355 1846.27126
1876.82106 1867.75565 1858.69024 1849.62483 1840.55942 1831.49401 1822.4286 1822.4286 1822.4286 1822.4286 1822.4286 1822.4286 1826.39631 1830.36402 1834.33173 1838.29944 1842.26715 1846.23486
1876.78466 1867.71925 1858.65384 1849.58843 1840.52302 1831.45761 1822.3922 1822.3922 1822.3922 1822.3922 1822.3922 1822.3922 1826.35991 1830.32762 1834.29533 1838.26304 1842.23075 1846.19846
1876.74826 1867.68285 1858.61744 1849.55203 1840.48662 1831.42121 1822.3558 1822.3558 1822.3558 1822.3558 1822.3558 1822.3558 1826.32351 1830.29122 1834.25893 1838.22664 1842.19435 1846.16206
1876.71186 1867.64645 1858.58104 1849.51563 1840.45022 1831.38481 1822.3194 1822.3194 1822.3194 1822.3194 1822.3194 1822.3194 1826.28711 1830.25482 1834.22253 1838.19024 1842.15795 1846.12566
1876.67546 1867.61005 1858.54464 1849.47923 1840.41382 1831.34841 1822.283 1822.283 1822.283 1822.283 1822.283 1822.283 1826.25071 1830.21842 1834.18613 1838.15384 1842.12155 1846.08926
1876.63906 1867.57365 1858.50824 1849.44283 1840.37742 1831.31201 1822.2466 1822.2466 1822.2466 1822.2466 1822.2466 1822.2466 1826.21431 1830.18202 1834.14973 1838.11744 1842.08515 1846.05286
1876.60266 1867.53725 1858.47184 1849.40643 1840.34102 1831.27561 1822.2102 1822.2102 1822.2102 1822.2102 1822.2102 1822.2102 1826.17791 1830.14562 1834.11333 1838.08104 1842.04875 1846.01646
1876.56626 1867.50085 1858.43544 1849.37003 1840.30462 1831.23921 1822.1738 1822.1738 1822.1738 1822.1738 1822.1738 1822.1738 1826.14151 1830.10922 1834.07693 1838.04464 1842.01235 1845.98006
1876.52986 1867.46445 1858.39904 1849.33363 1840.26822 1831.20281 1822.1374 1822.1374 1822.1374 1822.1374 1822.1374 1822.1374 1826.10511 1830.07282 1834.04053 1838.00824 1841.97595 1845.94366
1876.49346 1867.42805 1858.36264 1849.29723 1840.23182 1831.16641 1822.101 1822.101 1822.101 1822.101 1822.101 1822.101 1826.06871 1830.03642 1834.00413 1837.97184 1841.93955 1845.90726
1876.45706 1867.39165 1858.32624 1849.26083 1840.19542 1831.13001 1822.0646 1822.0646 1822.0646 1822.0646 1822.0646 1822.0646 1826.03231 1830.00002 1833.96773 1837.93544 1841.90315 1845.87086
1876.42066 1867.35525 1858.28984 1849.22443 1840.15902 1831.09361 1822.0282 1822.0282 1822.0282 1822.0282 1822.0282 1822.0282 1825.99591 1829.96362 1833.93133 1837.89904 1841.86675 1845.83446
1876.38426 1867.31885 1858.25344 1849.18803 1840.12262 1831.05721 1821.9918 1821.9918 1821.9918 1821.9918 1821.9918 1821.9918 1825.95951 1829.92722 1833.89493 1837.86264 1841.83035 1845.79806
1876.34786 1867.28245 1858.21704 1849.15163 1840.08622 1831.02081 1821.9554 1821.9554 1821.9554 1821.9554 1821.9554 1821.9554 1825.92311 1829.89082 1833.85853 1837.82624 1841.79395 1845.76166
1876.31146 1867.24605 1858.18064 1849.11523 1840.04982 1830.98441 1821.919 1821.919 1821.919 1821.919 1821.919 1821.919 1825.88671 1829.85442 1833.82213 1837.78984 1841.75755 1845.72526
1876.27506 1867.20965 1858.14424 1849.07883 1840.01342 1830.94801 1821.8826 1821.8826 1821.8826 1821.8826 1821.8826 1821.8826 1825.85031 1829.81802 1833.78573 1837.75344 1841.72115 1845.68886
1876.23866 1867.17325 1858.10784 1849.04243 1839.97702 1830.91161 1821.8462 1821.8462 1821.8462 1821.8462 1821.8462 1821.8462 1825.81391 1829.78162 1833.74933 1837.71704 1841.68475 1845.65246
1876.20226 1867.13685 1858.07144 1849.00603 1839.94062 1830.87521 1821.8098 1821.8098 1821.8098 1821.8098 1821.8098 1821.8098 1825.77751 1829.74522 1833.71293 1837.68064 1841.64835 1845.61606
1876.16586 1867.10045 1858.03504 1848.96963 1839.90422 1830.83881 1821.7734 1821.7734 1821.7734 1821.7734 1821.7734 1821.7734 1825.74111 1829.70882 1833.67653 1837.64424 1841.61195 1845.57966
1876.12946 1867.06405 1857.99864 1848.93323 1839.86782 1830.80241 1821.737 1821.737 1821.737 1821.737 1821.737 1821.737 1825.70471 1829.67242 1833.64013 1837.60784 1841.57555 1845.54326
1876.09306 1867.02765 1857.96224 1848.89683 1839.83142 1830.76601 1821.7006 1821.7006 1821.7006 1821.7006 1821.7006 1821.7006 1825.66831 1829.63602 1833.60373 1837.57144 1841.53915 1845.50686
1876.05666 1866.99125 1857.92584 1848.86043 1839.79502 1830.72961 1821.6642 1821.6642 1821.6642 1821.6642 1821.6642 1821.6642 1825.63191 1829.59962 1833.56733 1837.53504 1841.50275 1845.47046
1876.02026 1866.95485 1857.88944 1848.82403 1839.75862 1830.69321 1821.6278 1821.6278 1821.6278 1821.6278 1821.6278 1821.6278 1825.59551 1829.56322 1833.53093 1837.49864 1841.46635 1845.43406
1875.98386 1866.91845 1857.85304 1848.78763 1839.72222 1830.65681 1821.5914 1821.5914 1821.5914 1821.5914 1821.5914 1821.5914 1825.55911 1829.52682 1833.49453 1837.46224 1841.42995 1845.39766
1875.94746 1866.88205 1857.81664 1848.75123 1839.68582 1830.62041 1821.555 1821.555 1821.555 1821.555 1821.555 1821.555 1825.52271 1829.49042 1833.45813 1837.42584 1841.39355 1845.36126
1875.91106 1866.84565 1857.78024 1848.71483 1839.64942 1830.58401 1821.5186 1821.5186 1821.5186 1821.5186 1821.5186 1821.5186 1825.48631 1829.45402 1833.42173 1837.38944 1841.35715 1845.32486
1875.87466 1866.80925 1857.74384 1848.67843 1839.61302 1830.54761 1821.4822 1821.4822 1821.4822 1821.4822 1821.4822 1821.4822 1825.44991 1829.41762 1833.38533 1837.35304 1841.32075 1845.28846
1875.83826 1866.77285 1857.70744 1848.64203 1839.57662 1830.51121 1821.4458 1821.4458 1821.4458 1821.4458 1821.4458 1821.4458 1825.41351 1829.38122 1833.34893 1837.31664 1841.28435 1845.25206
1875.80186 1866.73645 1857.67104 1848.60563 1839.54022 1830.47481 1821.4094 1821.4094 1821.4094 1821.4094 1821.4094 1821.4094 1825.37711 1829.34482 1833.31253 1837.28024 1841.24795 1845.21566
1875.76546 1866.70005 1857.63464 1848.56923 1839.50382 1830.43841 1821.373 1821.373 1821.373 1821.373 1821.373 1821.373 1825.34071 1829.30842 1833.27613 1837.24384 1841.21155 1845.17926
1875.72906 1866.66365 1857.59824 1848.53283 1839.46742 1830.40201 1821.3366 1821.3366 1821.3366 1821.3366 1821.3366 1821.3366 1825.30431 1829.27202 1833.23973 1837.20744 1841.17515 1845.14286
1875.69266 1866.62725 1857.56184 1848.49643 1839.43102 1830.36561 1821.3002 1821.3002 1821.3002 1821.3002 1821.3002 1821.3002 1825.26791 1829.23562 1833.20333 1837.17104 1841.13875 1845.10646
1875.65626 1866.59085 1857.52544 1848.46003 1839.39462 1830.32921 1821.2638 1821.2638 1821.2638 1821.2638 1821.2638 1821.2638 1825.23151 1829.19922 1833.16693 1837.13464 1841.10235 1845.07006
1875.61986 1866.55445 1857.48904 1848.42363 1839.35822 1830.29281 1821.2274 1821.2274 1821.2274 1821.2274 1821.2274 1821.2274 1825.19511 1829.16282 1833.13053 1837.09824 1841.06595 1845.03366
1875.58346 1866.51805 1857.45264 1848.38723 1839.32182 1830.25641 1821.191 1821.191 1821.191 1821.191 1821.191 1821.191 1825.15871 1829.12642 1833.09413 1837.06184 1841.02955 1844.99726
1875.54706 1866.48165 1857.41624 1848.35083 1839.28542 1830.22001 1821.1546 1821.1546 1821.1546 1821.1546 1821.1546 1821.1546 1825.12231 1829.09002 1833.05773 1837.02544 1840.99315 1844.96086
1875.51066 1866.44525 1857.37984 1848.31443 1839.24902 1830.18361 1821.1182 1821.1182 1821.1182 1821.1182 1821.1182 1821.1182 1825.08591 1829.05362 1833.02133 1836.98904 1840.95675 1844.92446
1875.47426 1866.40885 1857.34344 1848.27803 1839.21262 1830.14721 1821.0818 1821.0818 1821.0818 1821.0818 1821.0818 1821.0818 1825.04951 1829.01722 1832.98493 1836.95264 1840.92035 1844.88806
1875.43786 1866.37245 1857.30704 1848.24163 1839.17622 1830.11081 1821.0454 1821.0454 1821.0454 1821.0454 1821.0454 1821.0454 1825.01311 1828.98082 1832.94853 1836.91624 1840.88395 1844.85166
1875.40146 1866.33605 1857.27064 1848.20523 1839.13982 1830.07441 1821.009 1821.009 1821.009 1821.009 1821.009 1821.009 1824.97671 1828.94442 1832.91213 1836.87984 1840.84755 1844.81526
1875.36506 1866.29965 1857.23424 1848.16883 1839.10342 1830.03801 1820.9726 1820.9726 1820.9726 1820.9726 1820.9726 1820.9726 1824.94031 1828.90802 1832.87573 1836.84344 1840.81115 1844.77886
1875.32866 1866.26325 1857.19784 1848.13243 1839.06702 1830.00161 1820.9362 1820.9362 1820.9362 1820.9362 1820.9362 1820.9362 1824.90391 1828.87162 1832.83933 1836.80704 1840.77475 1844.74246
1875.29226 1866.22685 1857.16144 1848.09603 1839.03062 1829.96521 1820.8998 1820.8998 1820.8998 1820.8998 1820.8998 1820.8998 1824.86751 1828.83522 1832.80293 1836.77064 1840.73835 1844.70606
1875.25586 1866.19045 1857.12504 1848.05963 1838.99422 1829.92881 1820.8634 1820.8634 1820.8634 1820.8634 1820.8634 1820.8634 1824.83111 1828.79882 1832.76653 1836.73424 1840.70195 1844.66966
1868.356366 1860.434936 1852.513506 1844.592076 1836.670646 1828.749216 1820.827786 1820.827786 1820.827786 1820.827786 1820.827786 1820.827786 1823.132476 1825.437166 1827.741856 1830.046546 1832.351236 1834.655926
1868.296286 1860.374856 1852.453426 1844.531996 1836.610566 1828.689136 1820.767706 1820.767706 1820.767706 1820.767706 1820.767706 1820.767706 1823.072396 1825.377086 1827.681776 1829.986466 1832.291156 1834.595846
1868.236206 1860.314776 1852.393346 1844.471916 1836.550486 1828.629056 1820.707626 1820.707626 1820.707626 1820.707626 1820.707626 1820.707626 1823.012316 1825.317006 1827.621696 1829.926386 1832.231076 1834.535766
1868.176126 1860.254696 1852.333266 1844.411836 1836.490406 1828.568976 1820.647546 1820.647546 1820.647546 1820.647546 1820.647546 1820.647546 1822.952236 1825.256926 1827.561616 1829.866306 1832.170996 1834.475686
1868.116046 1860.194616 1852.273186 1844.351756 1836.430326 1828.508896 1820.587466 1820.587466 1820.587466 1820.587466 1820.587466 1820.587466 1822.892156 1825.196846 1827.501536 1829.806226 1832.110916 1834.415606
1868.055966 1860.134536 1852.213106 1844.291676 1836.370246 1828.448816 1820.527386 1820.527386 1820.527386 1820.527386 1820.527386 1820.527386 1822.832076 1825.136766 1827.441456 1829.746146 1832.050836 1834.355526
1867.995886 1860.074456 1852.153026 1844.231596 1836.310166 1828.388736 1820.467306 1820.467306 1820.467306 1820.467306 1820.467306 1820.467306 1822.771996 1825.076686 1827.381376 1829.686066 1831.990756 1834.295446
1867.935806 1860.014376 1852.092946 1844.171516 1836.250086 1828.328656 1820.407226 1820.407226 1820.407226 1820.407226 1820.407226 1820.407226 1822.711916 1825.016606 1827.321296 1829.625986 1831.930676 1834.235366
1867.875726 1859.954296 1852.032866 1844.111436 1836.190006 1828.268576 1820.347146 1820.347146 1820.347146 1820.347146 1820.347146 1820.347146 1822.651836 1824.956526 1827.261216 1829.565906 1831.870596 1834.175286
1867.815646 1859.894216 1851.972786 1844.051356 1836.129926 1828.208496 1820.287066 1820.287066 1820.287066 1820.287066 1820.287066 1820.287066 1822.591756 1824.896446 1827.201136 1829.505826 1831.810516 1834.115206
1867.755566 1859.834136 1851.912706 1843.991276 1836.069846 1828.148416 1820.226986 1820.226986 1820.226986 1820.226986 1820.226986 1820.226986 1822.531676 1824.836366 1827.141056 1829.445746 1831.750436 1834.055126
1867.695486 1859.774056 1851.852626 1843.931196 1836.009766 1828.088336 1820.166906 1820.166906 1820.166906 1820.166906 1820.166906 1820.166906 1822.471596 1824.776286 1827.080976 1829.385666 1831.690356 1833.995046
1867.635406 1859.713976 1851.792546 1843.871116 1835.949686 1828.028256 1820.106826 1820.106826 1820.106826 1820.106826 1820.106826 1820.106826 1822.411516 1824.716206 1827.020896 1829.325586 1831.630276 1833.934966
1867.575326 1859.653896 1851.732466 1843.811036 1835.889606 1827.968176 1820.046746 1820.046746 1820.046746 1820.046746 1820.046746 1820.046746 1822.351436 1824.656126 1826.960816 1829.265506 1831.570196 1833.874886
1867.515246 1859.593816 1851.672386 1843.750956 1835.829526 1827.908096 1819.986666 1819.986666 1819.986666 1819.986666 1819.986666 1819.986666 1822.291356 1824.596046 1826.900736 1829.205426 1831.510116 1833.814806
1867.455166 1859.533736 1851.612306 1843.690876 1835.769446 1827.848016 1819.926586 1819.926586 1819.926586 1819.926586 1819.926586 1819.926586 1822.231276 1824.535966 1826.840656 1829.145346 1831.450036 1833.754726
1867.395086 1859.473656 1851.552226 1843.630796 1835.709366 1827.787936 1819.866506 1819.866506 1819.866506 1819.866506 1819.866506 1819.866506 1822.171196 1824.475886 1826.780576 1829.085266 1831.389956 1833.694646
1867.335006 1859.413576 1851.492146 1843.570716 1835.649286 1827.727856 1819.806426 1819.806426 1819.806426 1819.806426 1819.806426 1819.806426 1822.111116 1824.415806 1826.720496 1829.025186 1831.329876 1833.634566
1867.274926 1859.353496 1851.432066 1843.510636 1835.589206 1827.667776 1819.746346 1819.746346 1819.746346 1819.746346 1819.746346 1819.746346 1822.051036 1824.355726 1826.660416 1828.965106 1831.269796 1833.574486
1867.214846 1859.293416 1851.371986 1843.450556 1835.529126 1827.607696 1819.686266 1819.686266 1819.686266 1819.686266 1819.686266 1819.686266 1821.990956 1824.295646 1826.600336 1828.905026 1831.209716 1833.514406
1867.154766 1859.233336 1851.311906 1843.390476 1835.469046 1827.547616 1819.626186 1819.626186 1819.626186 1819.626186 1819.626186 1819.626186 1821.930876 1824.235566 1826.540256 1828.844946 1831.149636 1833.454326
1867.094686 1859.173256 1851.251826 1843.330396 1835.408966 1827.487536 1819.566106 1819.566106 1819.566106 1819.566106 1819.566106 1819.566106 1821.870796 1824.175486 1826.480176 1828.784866 1831.089556 1833.394246
1867.034606 1859.113176 1851.191746 1843.270316 1835.348886 1827.427456 1819.506026 1819.506026 1819.506026 1819.506026 1819.506026 1819.506026 1821.810716 1824.115406 1826.420096 1828.724786 1831.029476 1833.334166
1866.974526 1859.053096 1851.131666 1843.210236 1835.288806 1827.367376 1819.445946 1819.445946 1819.445946 1819.445946 1819.445946 1819.445946 1821.750636 1824.055326 1826.360016 1828.664706 1830.969396 1833.274086
