cut-section-program/input/bathy.asc
ncols         18
nrows         13200
xllcorner     0
yllcorner     0
cellsize      50
NODATA_value  -9999
[rows 9472 to 9545 of 13200, columns 0 to 17 of 18]
2043.609209 2016.342749 1989.076289 1961.809829 1934.543369 1907.276909 1880.010449 1880.010449 1880.010449 1880.010449 1880.010449 1880.010449 1889.034979 1898.059509 1907.084039 1916.108569 1925.133099 1934.157629
2043.597169 2016.330709 1989.064249 1961.797789 1934.531329 1907.264869 1879.998409 1879.998409 1879.998409 1879.998409 1879.998409 1879.998409 1889.022939 1898.047469 1907.071999 1916.096529 1925.121059 1934.145589
2043.585129 2016.318669 1989.052209 1961.785749 1934.519289 1907.252829 1879.986369 1879.986369 1879.986369 1879.986369 1879.986369 1879.986369 1889.010899 1898.035429 1907.059959 1916.084489 1925.109019 1934.133549
2043.573089 2016.306629 1989.040169 1961.773709 1934.507249 1907.240789 1879.974329 1879.974329 1879.974329 1879.974329 1879.974329 1879.974329 1888.998859 1898.023389 1907.047919 1916.072449 1925.096979 1934.121509
2043.561049 2016.294589 1989.028129 1961.761669 1934.495209 1907.228749 1879.962289 1879.962289 1879.962289 1879.962289 1879.962289 1879.962289 1888.986819 1898.011349 1907.035879 1916.060409 1925.084939 1934.109469
2043.549009 2016.282549 1989.016089 1961.749629 1934.483169 1907.216709 1879.950249 1879.950249 1879.950249 1879.950249 1879.950249 1879.950249 1888.974779 1897.999309 1907.023839 1916.048369 1925.072899 1934.097429
2043.536969 2016.270509 1989.004049 1961.737589 1934.471129 1907.204669 1879.938209 1879.938209 1879.938209 1879.938209 1879.938209 1879.938209 1888.962739 1897.987269 1907.011799 1916.036329 1925.060859 1934.085389
2043.524929 2016.258469 1988.992009 1961.725549 1934.459089 1907.192629 1879.926169 1879.926169 1879.926169 1879.926169 1879.926169 1879.926169 1888.950699 1897.975229 1906.999759 1916.024289 1925.048819 1934.073349
2043.512889 2016.246429 1988.979969 1961.713509 1934.447049 1907.180589 1879.914129 1879.914129 1879.914129 1879.914129 1879.914129 1879.914129 1888.938659 1897.963189 1906.987719 1916.012249 1925.036779 1934.061309
2043.500849 2016.234389 1988.967929 1961.701469 1934.435009 1907.168549 1879.902089 1879.902089 1879.902089 1879.902089 1879.902089 1879.902089 1888.926619 1897.951149 1906.975679 1916.000209 1925.024739 1934.049269
2043.488809 2016.222349 1988.955889 1961.689429 1934.422969 1907.156509 1879.890049 1879.890049 1879.890049 1879.890049 1879.890049 1879.890049 1888.914579 1897.939109 1906.963639 1915.988169 1925.012699 1934.037229
2043.476769 2016.210309 1988.943849 1961.677389 1934.410929 1907.144469 1879.878009 1879.878009 1879.878009 1879.878009 1879.878009 1879.878009 1888.902539 1897.927069 1906.951599 1915.976129 1925.000659 1934.025189
2043.464729 2016.198269 1988.931809 1961.665349 1934.398889 1907.132429 1879.865969 1879.865969 1879.865969 1879.865969 1879.865969 1879.865969 1888.890499 1897.915029 1906.939559 1915.964089 1924.988619 1934.013149
2043.452689 2016.186229 1988.919769 1961.653309 1934.386849 1907.120389 1879.853929 1879.853929 1879.853929 1879.853929 1879.853929 1879.853929 1888.878459 1897.902989 1906.927519 1915.952049 1924.976579 1934.001109
2043.440649 2016.174189 1988.907729 1961.641269 1934.374809 1907.108349 1879.841889 1879.841889 1879.841889 1879.841889 1879.841889 1879.841889 1888.866419 1897.890949 1906.915479 1915.940009 1924.964539 1933.989069
2043.428609 2016.162149 1988.895689 1961.629229 1934.362769 1907.096309 1879.829849 1879.829849 1879.829849 1879.829849 1879.829849 1879.829849 1888.854379 1897.878909 1906.903439 1915.927969 1924.952499 1933.977029
2043.416569 2016.150109 1988.883649 1961.617189 1934.350729 1907.084269 1879.817809 1879.817809 1879.817809 1879.817809 1879.817809 1879.817809 1888.842339 1897.866869 1906.891399 1915.915929 1924.940459 1933.964989
2043.404529 2016.138069 1988.871609 1961.605149 1934.338689 1907.072229 1879.805769 1879.805769 1879.805769 1879.805769 1879.805769 1879.805769 1888.830299 1897.854829 1906.879359 1915.903889 1924.928419 1933.952949
2043.392489 2016.126029 1988.859569 1961.593109 1934.326649 1907.060189 1879.793729 1879.793729 1879.793729 1879.793729 1879.793729 1879.793729 1888.818259 1897.842789 1906.867319 1915.891849 1924.916379 1933.940909
2043.380449 2016.113989 1988.847529 1961.581069 1934.314609 1907.048149 1879.781689 1879.781689 1879.781689 1879.781689 1879.781689 1879.781689 1888.806219 1897.830749 1906.855279 1915.879809 1924.904339 1933.928869
2043.368409 2016.101949 1988.835489 1961.569029 1934.302569 1907.036109 1879.769649 1879.769649 1879.769649 1879.769649 1879.769649 1879.769649 1888.794179 1897.818709 1906.843239 1915.867769 1924.892299 1933.916829
2043.356369 2016.089909 1988.823449 1961.556989 1934.290529 1907.024069 1879.757609 1879.757609 1879.757609 1879.757609 1879.757609 1879.757609 1888.782139 1897.806669 1906.831199 1915.855729 1924.880259 1933.904789
2043.344329 2016.077869 1988.811409 1961.544949 1934.278489 1907.012029 1879.745569 1879.745569 1879.745569 1879.745569 1879.745569 1879.745569 1888.770099 1897.794629 1906.819159 1915.843689 1924.868219 1933.892749
2043.332289 2016.065829 1988.799369 1961.532909 1934.266449 1906.999989 1879.733529 1879.733529 1879.733529 1879.733529 1879.733529 1879.733529 1888.758059 1897.782589 1906.807119 1915.831649 1924.856179 1933.880709
2043.320249 2016.053789 1988.787329 1961.520869 1934.254409 1906.987949 1879.721489 1879.721489 1879.721489 1879.721489 1879.721489 1879.721489 1888.746019 1897.770549 1906.795079 1915.819609 1924.844139 1933.868669
2043.308209 2016.041749 1988.775289 1961.508829 1934.242369 1906.975909 1879.709449 1879.709449 1879.709449 1879.709449 1879.709449 1879.709449 1888.733979 1897.758509 1906.783039 1915.807569 1924.832099 1933.856629
2043.296169 2016.029709 1988.763249 1961.496789 1934.230329 1906.963869 1879.697409 1879.697409 1879.697409 1879.697409 1879.697409 1879.697409 1888.721939 1897.746469 1906.770999 1915.795529 1924.820059 1933.844589
2043.284129 2016.017669 1988.751209 1961.484749 1934.218289 1906.951829 1879.685369 1879.685369 1879.685369 1879.685369 1879.685369 1879.685369 1888.709899 1897.734429 1906.758959 1915.783489 1924.808019 1933.832549
2043.272089 2016.005629 1988.739169 1961.472709 1934.206249 1906.939789 1879.673329 1879.673329 1879.673329 1879.673329 1879.673329 1879.673329 1888.697859 1897.722389 1906.746919 1915.771449 1924.795979 1933.820509
2043.260049 2015.993589 1988.727129 1961.460669 1934.194209 1906.927749 1879.661289 1879.661289 1879.661289 1879.661289 1879.661289 1879.661289 1888.685819 1897.710349 1906.734879 1915.759409 1924.783939 1933.808469
2043.248009 2015.981549 1988.715089 1961.448629 1934.182169 1906.915709 1879.649249 1879.649249 1879.649249 1879.649249 1879.649249 1879.649249 1888.673779 1897.698309 1906.722839 1915.747369 1924.771899 1933.796429
2043.235969 2015.969509 1988.703049 1961.436589 1934.170129 1906.903669 1879.637209 1879.637209 1879.637209 1879.637209 1879.637209 1879.637209 1888.661739 1897.686269 1906.710799 1915.735329 1924.759859 1933.784389
2043.223929 2015.957469 1988.691009 1961.424549 1934.158089 1906.891629 1879.625169 1879.625169 1879.625169 1879.625169 1879.625169 1879.625169 1888.649699 1897.674229 1906.698759 1915.723289 1924.747819 1933.772349
2043.211889 2015.945429 1988.678969 1961.412509 1934.146049 1906.879589 1879.613129 1879.613129 1879.613129 1879.613129 1879.613129 1879.613129 1888.637659 1897.662189 1906.686719 1915.711249 1924.735779 1933.760309
2043.199849 2015.933389 1988.666929 1961.400469 1934.134009 1906.867549 1879.601089 1879.601089 1879.601089 1879.601089 1879.601089 1879.601089 1888.625619 1897.650149 1906.674679 1915.699209 1924.723739 1933.748269
2043.187809 2015.921349 1988.654889 1961.388429 1934.121969 1906.855509 1879.589049 1879.589049 1879.589049 1879.589049 1879.589049 1879.589049 1888.613579 1897.638109 1906.662639 1915.687169 1924.711699 1933.736229
2043.175769 2015.909309 1988.642849 1961.376389 1934.109929 1906.843469 1879.577009 1879.577009 1879.577009 1879.577009 1879.577009 1879.577009 1888.601539 1897.626069 1906.650599 1915.675129 1924.699659 1933.724189
2043.163729 2015.897269 1988.630809 1961.364349 1934.097889 1906.831429 1879.564969 1879.564969 1879.564969 1879.564969 1879.564969 1879.564969 1888.589499 1897.614029 1906.638559 1915.663089 1924.687619 1933.712149
2043.151689 2015.885229 1988.618769 1961.352309 1934.085849 1906.819389 1879.552929 1879.552929 1879.552929 1879.552929 1879.552929 1879.552929 1888.577459 1897.601989 1906.626519 1915.651049 1924.675579 1933.700109
2043.139649 2015.873189 1988.606729 1961.340269 1934.073809 1906.807349 1879.540889 1879.540889 1879.540889 1879.540889 1879.540889 1879.540889 1888.565419 1897.589949 1906.614479 1915.639009 1924.663539 1933.688069
2043.127609 2015.861149 1988.594689 1961.328229 1934.061769 1906.795309 1879.528849 1879.528849 1879.528849 1879.528849 1879.528849 1879.528849 1888.553379 1897.577909 1906.602439 1915.626969 1924.651499 1933.676029
2043.115569 2015.849109 1988.582649 1961.316189 1934.049729 1906.783269 1879.516809 1879.516809 1879.516809 1879.516809 1879.516809 1879.516809 1888.541339 1897.565869 1906.590399 1915.614929 1924.639459 1933.663989
2043.103529 2015.837069 1988.570609 1961.304149 1934.037689 1906.771229 1879.504769 1879.504769 1879.504769 1879.504769 1879.504769 1879.504769 1888.529299 1897.553829 1906.578359 1915.602889 1924.627419 1933.651949
2043.091489 2015.825029 1988.558569 1961.292109 1934.025649 1906.759189 1879.492729 1879.492729 1879.492729 1879.492729 1879.492729 1879.492729 1888.517259 1897.541789 1906.566319 1915.590849 1924.615379 1933.639909
2043.079449 2015.812989 1988.546529 1961.280069 1934.013609 1906.747149 1879.480689 1879.480689 1879.480689 1879.480689 1879.480689 1879.480689 1888.505219 1897.529749 1906.554279 1915.578809 1924.603339 1933.627869
2043.067409 2015.800949 1988.534489 1961.268029 1934.001569 1906.735109 1879.468649 1879.468649 1879.468649 1879.468649 1879.468649 1879.468649 1888.493179 1897.517709 1906.542239 1915.566769 1924.591299 1933.615829
2043.055369 2015.788909 1988.522449 1961.255989 1933.989529 1906.723069 1879.456609 1879.456609 1879.456609 1879.456609 1879.456609 1879.456609 1888.481139 1897.505669 1906.530199 1915.554729 1924.579259 1933.603789
2043.043329 2015.776869 1988.510409 1961.243949 1933.977489 1906.711029 1879.444569 1879.444569 1879.444569 1879.444569 1879.444569 1879.444569 1888.469099 1897.493629 1906.518159 1915.542689 1924.567219 1933.591749
2043.031289 2015.764829 1988.498369 1961.231909 1933.965449 1906.698989 1879.432529 1879.432529 1879.432529 1879.432529 1879.432529 1879.432529 1888.457059 1897.481589 1906.506119 1915.530649 1924.555179 1933.579709
2043.019249 2015.752789 1988.486329 1961.219869 1933.953409 1906.686949 1879.420489 1879.420489 1879.420489 1879.420489 1879.420489 1879.420489 1888.445019 1897.469549 1906.494079 1915.518609 1924.543139 1933.567669
2043.007209 2015.740749 1988.474289 1961.207829 1933.941369 1906.674909 1879.408449 1879.408449 1879.408449 1879.408449 1879.408449 1879.408449 1888.432979 1897.457509 1906.482039 1915.506569 1924.531099 1933.555629
2042.995169 2015.728709 1988.462249 1961.195789 1933.929329 1906.662869 1879.396409 1879.396409 1879.396409 1879.396409 1879.396409 1879.396409 1888.420939 1897.445469 1906.469999 1915.494529 1924.519059 1933.543589
2042.983129 2015.716669 1988.450209 1961.183749 1933.917289 1906.650829 1879.384369 1879.384369 1879.384369 1879.384369 1879.384369 1879.384369 1888.408899 1897.433429 1906.457959 1915.482489 1924.507019 1933.531549
2042.971089 2015.704629 1988.438169 1961.171709 1933.905249 1906.638789 1879.372329 1879.372329 1879.372329 1879.372329 1879.372329 1879.372329 1888.396859 1897.421389 1906.445919 1915.470449 1924.494979 1933.519509
2042.959049 2015.692589 1988.426129 1961.159669 1933.893209 1906.626749 1879.360289 1879.360289 1879.360289 1879.360289 1879.360289 1879.360289 1888.384819 1897.409349 1906.433879 1915.458409 1924.482939 1933.507469
2042.947009 2015.680549 1988.414089 1961.147629 1933.881169 1906.614709 1879.348249 1879.348249 1879.348249 1879.348249 1879.348249 1879.348249 1888.372779 1897.397309 1906.421839 1915.446369 1924.470899 1933.495429
2042.934969 2015.668509 1988.402049 1961.135589 1933.869129 1906.602669 1879.336209 1879.336209 1879.336209 1879.336209 1879.336209 1879.336209 1888.360739 1897.385269 1906.409799 1915.434329 1924.458859 1933.483389
2042.922929 2015.656469 1988.390009 1961.123549 1933.857089 1906.590629 1879.324169 1879.324169 1879.324169 1879.324169 1879.324169 1879.324169 1888.348699 1897.373229 1906.397759 1915.422289 1924.446819 1933.471349
2042.910889 2015.644429 1988.377969 1961.111509 1933.845049 1906.578589 1879.312129 1879.312129 1879.312129 1879.312129 1879.312129 1879.312129 1888.336659 1897.361189 1906.385719 1915.410249 1924.434779 1933.459309
2042.898849 2015.632389 1988.365929 1961.099469 1933.833009 1906.566549 1879.300089 1879.300089 1879.300089 1879.300089 1879.300089 1879.300089 1888.324619 1897.349149 1906.373679 1915.398209 1924.422739 1933.447269
2042.886809 2015.620349 1988.353889 1961.087429 1933.820969 1906.554509 1879.288049 1879.288049 1879.288049 1879.288049 1879.288049 1879.288049 1888.312579 1897.337109 1906.361639 1915.386169 1924.410699 1933.435229
2042.874769 2015.608309 1988.341849 1961.075389 1933.808929 1906.542469 1879.276009 1879.276009 1879.276009 1879.276009 1879.276009 1879.276009 1888.300539 1897.325069 1906.349599 1915.374129 1924.398659 1933.423189
2042.862729 2015.596269 1988.329809 1961.063349 1933.796889 1906.530429 1879.263969 1879.263969 1879.263969 1879.263969 1879.263969 1879.263969 1888.288499 1897.313029 1906.337559 1915.362089 1924.386619 1933.411149
2042.850689 2015.584229 1988.317769 1961.051309 1933.784849 1906.518389 1879.251929 1879.251929 1879.251929 1879.251929 1879.251929 1879.251929 1888.276459 1897.300989 1906.325519 1915.350049 1924.374579 1933.399109
2042.838649 2015.572189 1988.305729 1961.039269 1933.772809 1906.506349 1879.239889 1879.239889 1879.239889 1879.239889 1879.239889 1879.239889 1888.264419 1897.288949 1906.313479 1915.338009 1924.362539 1933.387069
2042.826609 2015.560149 1988.293689 1961.027229 1933.760769 1906.494309 1879.227849 1879.227849 1879.227849 1879.227849 1879.227849 1879.227849 1888.252379 1897.276909 1906.301439 1915.325969 1924.350499 1933.375029
2042.814569 2015.548109 1988.281649 1961.015189 1933.748729 1906.482269 1879.215809 1879.215809 1879.215809 1879.215809 1879.215809 1879.215809 1888.240339 1897.264869 1906.289399 1915.313929 1924.338459 1933.362989
2042.802529 2015.536069 1988.269609 1961.003149 1933.736689 1906.470229 1879.203769 1879.203769 1879.203769 1879.203769 1879.203769 1879.203769 1888.228299 1897.252829 1906.277359 1915.301889 1924.326419 1933.350949
2042.790489 2015.524029 1988.257569 1960.991109 1933.724649 1906.458189 1879.191729 1879.191729 1879.191729 1879.191729 1879.191729 1879.191729 1888.216259 1897.240789 1906.265319 1915.289849 1924.314379 1933.338909
2042.778449 2015.511989 1988.245529 1960.979069 1933.712609 1906.446149 1879.179689 1879.179689 1879.179689 1879.179689 1879.179689 1879.179689 1888.204219 1897.228749 1906.253279 1915.277809 1924.302339 1933.326869
2042.766409 2015.499949 1988.233489 1960.967029 1933.700569 1906.434109 1879.167649 1879.167649 1879.167649 1879.167649 1879.167649 1879.167649 1888.192179 1897.216709 1906.241239 1915.265769 1924.290299 1933.314829
2042.754369 2015.487909 1988.221449 1960.954989 1933.688529 1906.422069 1879.155609 1879.155609 1879.155609 1879.155609 1879.155609 1879.155609 1888.180139 1897.204669 1906.229199 1915.253729 1924.278259 1933.302789
2042.742329 2015.475869 1988.209409 1960.942949 1933.676489 1906.410029 1879.143569 1879.143569 1879.143569 1879.143569 1879.143569 1879.143569 1888.168099 1897.192629 1906.217159 1915.241689 1924.266219 1933.290749
2042.730289 2015.463829 1988.197369 1960.930909 1933.664449 1906.397989 1879.131529 1879.131529 1879.131529 1879.131529 1879.131529 1879.131529 1888.156059 1897.180589 1906.205119 1915.229649 1924.254179 1933.278709
