cut-section-program/input/bathy.asc
ncols         18
nrows         13200
xllcorner     0
yllcorner     0
cellsize      50
NODATA_value  -9999
[rows 9546 to 9619 of 13200, columns 0 to 17 of 18]
2042.718249 2015.451789 1988.185329 1960.918869 1933.652409 1906.385949 1879.119489 1879.119489 1879.119489 1879.119489 1879.119489 1879.119489 1888.144019 1897.168549 1906.193079 1915.217609 1924.242139 1933.266669
2042.706209 2015.439749 1988.173289 1960.906829 1933.640369 1906.373909 1879.107449 1879.107449 1879.107449 1879.107449 1879.107449 1879.107449 1888.131979 1897.156509 1906.181039 1915.205569 1924.230099 1933.254629
2042.694169 2015.427709 1988.161249 1960.894789 1933.628329 1906.361869 1879.095409 1879.095409 1879.095409 1879.095409 1879.095409 1879.095409 1888.119939 1897.144469 1906.168999 1915.193529 1924.218059 1933.242589
2042.682129 2015.415669 1988.149209 1960.882749 1933.616289 1906.349829 1879.083369 1879.083369 1879.083369 1879.083369 1879.083369 1879.083369 1888.107899 1897.132429 1906.156959 1915.181489 1924.206019 1933.230549
2042.670089 2015.403629 1988.137169 1960.870709 1933.604249 1906.337789 1879.071329 1879.071329 1879.071329 1879.071329 1879.071329 1879.071329 1888.095859 1897.120389 1906.144919 1915.169449 1924.193979 1933.218509
2042.658049 2015.391589 1988.125129 1960.858669 1933.592209 1906.325749 1879.059289 1879.059289 1879.059289 1879.059289 1879.059289 1879.059289 1888.083819 1897.108349 1906.132879 1915.157409 1924.181939 1933.206469
2042.646009 2015.379549 1988.113089 1960.846629 1933.580169 1906.313709 1879.047249 1879.047249 1879.047249 1879.047249 1879.047249 1879.047249 1888.071779 1897.096309 1906.120839 1915.145369 1924.169899 1933.194429
2042.633969 2015.367509 1988.101049 1960.834589 1933.568129 1906.301669 1879.035209 1879.035209 1879.035209 1879.035209 1879.035209 1879.035209 1888.059739 1897.084269 1906.108799 1915.133329 1924.157859 1933.182389
2042.621929 2015.355469 1988.089009 1960.822549 1933.556089 1906.289629 1879.023169 1879.023169 1879.023169 1879.023169 1879.023169 1879.023169 1888.047699 1897.072229 1906.096759 1915.121289 1924.145819 1933.170349
2042.609889 2015.343429 1988.076969 1960.810509 1933.544049 1906.277589 1879.011129 1879.011129 1879.011129 1879.011129 1879.011129 1879.011129 1888.035659 1897.060189 1906.084719 1915.109249 1924.133779 1933.158309
2042.597849 2015.331389 1988.064929 1960.798469 1933.532009 1906.265549 1878.999089 1878.999089 1878.999089 1878.999089 1878.999089 1878.999089 1888.023619 1897.048149 1906.072679 1915.097209 1924.121739 1933.146269
2042.585809 2015.319349 1988.052889 1960.786429 1933.519969 1906.253509 1878.987049 1878.987049 1878.987049 1878.987049 1878.987049 1878.987049 1888.011579 1897.036109 1906.060639 1915.085169 1924.109699 1933.134229
2042.573769 2015.307309 1988.040849 1960.774389 1933.507929 1906.241469 1878.975009 1878.975009 1878.975009 1878.975009 1878.975009 1878.975009 1887.999539 1897.024069 1906.048599 1915.073129 1924.097659 1933.122189
2042.561729 2015.295269 1988.028809 1960.762349 1933.495889 1906.229429 1878.962969 1878.962969 1878.962969 1878.962969 1878.962969 1878.962969 1887.987499 1897.012029 1906.036559 1915.061089 1924.085619 1933.110149
2042.549689 2015.283229 1988.016769 1960.750309 1933.483849 1906.217389 1878.950929 1878.950929 1878.950929 1878.950929 1878.950929 1878.950929 1887.975459 1896.999989 1906.024519 1915.049049 1924.073579 1933.098109
2042.537649 2015.271189 1988.004729 1960.738269 1933.471809 1906.205349 1878.938889 1878.938889 1878.938889 1878.938889 1878.938889 1878.938889 1887.963419 1896.987949 1906.012479 1915.037009 1924.061539 1933.086069
2042.525609 2015.259149 1987.992689 1960.726229 1933.459769 1906.193309 1878.926849 1878.926849 1878.926849 1878.926849 1878.926849 1878.926849 1887.951379 1896.975909 1906.000439 1915.024969 1924.049499 1933.074029
2042.513569 2015.247109 1987.980649 1960.714189 1933.447729 1906.181269 1878.914809 1878.914809 1878.914809 1878.914809 1878.914809 1878.914809 1887.939339 1896.963869 1905.988399 1915.012929 1924.037459 1933.061989
2042.501529 2015.235069 1987.968609 1960.702149 1933.435689 1906.169229 1878.902769 1878.902769 1878.902769 1878.902769 1878.902769 1878.902769 1887.927299 1896.951829 1905.976359 1915.000889 1924.025419 1933.049949
2042.489489 2015.223029 1987.956569 1960.690109 1933.423649 1906.157189 1878.890729 1878.890729 1878.890729 1878.890729 1878.890729 1878.890729 1887.915259 1896.939789 1905.964319 1914.988849 1924.013379 1933.037909
2042.477449 2015.210989 1987.944529 1960.678069 1933.411609 1906.145149 1878.878689 1878.878689 1878.878689 1878.878689 1878.878689 1878.878689 1887.903219 1896.927749 1905.952279 1914.976809 1924.001339 1933.025869
2042.465409 2015.198949 1987.932489 1960.666029 1933.399569 1906.133109 1878.866649 1878.866649 1878.866649 1878.866649 1878.866649 1878.866649 1887.891179 1896.915709 1905.940239 1914.964769 1923.989299 1933.013829
2042.453369 2015.186909 1987.920449 1960.653989 1933.387529 1906.121069 1878.854609 1878.854609 1878.854609 1878.854609 1878.854609 1878.854609 1887.879139 1896.903669 1905.928199 1914.952729 1923.977259 1933.001789
2042.441329 2015.174869 1987.908409 1960.641949 1933.375489 1906.109029 1878.842569 1878.842569 1878.842569 1878.842569 1878.842569 1878.842569 1887.867099 1896.891629 1905.916159 1914.940689 1923.965219 1932.989749
2042.429289 2015.162829 1987.896369 1960.629909 1933.363449 1906.096989 1878.830529 1878.830529 1878.830529 1878.830529 1878.830529 1878.830529 1887.855059 1896.879589 1905.904119 1914.928649 1923.953179 1932.977709
2042.417249 2015.150789 1987.884329 1960.617869 1933.351409 1906.084949 1878.818489 1878.818489 1878.818489 1878.818489 1878.818489 1878.818489 1887.843019 1896.867549 1905.892079 1914.916609 1923.941139 1932.965669
2042.405209 2015.138749 1987.872289 1960.605829 1933.339369 1906.072909 1878.806449 1878.806449 1878.806449 1878.806449 1878.806449 1878.806449 1887.830979 1896.855509 1905.880039 1914.904569 1923.929099 1932.953629
2042.393169 2015.126709 1987.860249 1960.593789 1933.327329 1906.060869 1878.794409 1878.794409 1878.794409 1878.794409 1878.794409 1878.794409 1887.818939 1896.843469 1905.867999 1914.892529 1923.917059 1932.941589
2042.381129 2015.114669 1987.848209 1960.581749 1933.315289 1906.048829 1878.782369 1878.782369 1878.782369 1878.782369 1878.782369 1878.782369 1887.806899 1896.831429 1905.855959 1914.880489 1923.905019 1932.929549
2042.369089 2015.102629 1987.836169 1960.569709 1933.303249 1906.036789 1878.770329 1878.770329 1878.770329 1878.770329 1878.770329 1878.770329 1887.794859 1896.819389 1905.843919 1914.868449 1923.892979 1932.917509
2042.357049 2015.090589 1987.824129 1960.557669 1933.291209 1906.024749 1878.758289 1878.758289 1878.758289 1878.758289 1878.758289 1878.758289 1887.782819 1896.807349 1905.831879 1914.856409 1923.880939 1932.905469
2042.345009 2015.078549 1987.812089 1960.545629 1933.279169 1906.012709 1878.746249 1878.746249 1878.746249 1878.746249 1878.746249 1878.746249 1887.770779 1896.795309 1905.819839 1914.844369 1923.868899 1932.893429
2042.332969 2015.066509 1987.800049 1960.533589 1933.267129 1906.000669 1878.734209 1878.734209 1878.734209 1878.734209 1878.734209 1878.734209 1887.758739 1896.783269 1905.807799 1914.832329 1923.856859 1932.881389
2042.320929 2015.054469 1987.788009 1960.521549 1933.255089 1905.988629 1878.722169 1878.722169 1878.722169 1878.722169 1878.722169 1878.722169 1887.746699 1896.771229 1905.795759 1914.820289 1923.844819 1932.869349
2042.308889 2015.042429 1987.775969 1960.509509 1933.243049 1905.976589 1878.710129 1878.710129 1878.710129 1878.710129 1878.710129 1878.710129 1887.734659 1896.759189 1905.783719 1914.808249 1923.832779 1932.857309
2042.296849 2015.030389 1987.763929 1960.497469 1933.231009 1905.964549 1878.698089 1878.698089 1878.698089 1878.698089 1878.698089 1878.698089 1887.722619 1896.747149 1905.771679 1914.796209 1923.820739 1932.845269
2042.284809 2015.018349 1987.751889 1960.485429 1933.218969 1905.952509 1878.686049 1878.686049 1878.686049 1878.686049 1878.686049 1878.686049 1887.710579 1896.735109 1905.759639 1914.784169 1923.808699 1932.833229
2042.272769 2015.006309 1987.739849 1960.473389 1933.206929 1905.940469 1878.674009 1878.674009 1878.674009 1878.674009 1878.674009 1878.674009 1887.698539 1896.723069 1905.747599 1914.772129 1923.796659 1932.821189
2042.260729 2014.994269 1987.727809 1960.461349 1933.194889 1905.928429 1878.661969 1878.661969 1878.661969 1878.661969 1878.661969 1878.661969 1887.686499 1896.711029 1905.735559 1914.760089 1923.784619 1932.809149
2042.248689 2014.982229 1987.715769 1960.449309 1933.182849 1905.916389 1878.649929 1878.649929 1878.649929 1878.649929 1878.649929 1878.649929 1887.674459 1896.698989 1905.723519 1914.748049 1923.772579 1932.797109
2042.236649 2014.970189 1987.703729 1960.437269 1933.170809 1905.904349 1878.637889 1878.637889 1878.637889 1878.637889 1878.637889 1878.637889 1887.662419 1896.686949 1905.711479 1914.736009 1923.760539 1932.785069
2042.224609 2014.958149 1987.691689 1960.425229 1933.158769 1905.892309 1878.625849 1878.625849 1878.625849 1878.625849 1878.625849 1878.625849 1887.650379 1896.674909 1905.699439 1914.723969 1923.748499 1932.773029
2042.212569 2014.946109 1987.679649 1960.413189 1933.146729 1905.880269 1878.613809 1878.613809 1878.613809 1878.613809 1878.613809 1878.613809 1887.638339 1896.662869 1905.687399 1914.711929 1923.736459 1932.760989
2042.200529 2014.934069 1987.667609 1960.401149 1933.134689 1905.868229 1878.601769 1878.601769 1878.601769 1878.601769 1878.601769 1878.601769 1887.626299 1896.650829 1905.675359 1914.699889 1923.724419 1932.748949
2042.188489 2014.922029 1987.655569 1960.389109 1933.122649 1905.856189 1878.589729 1878.589729 1878.589729 1878.589729 1878.589729 1878.589729 1887.614259 1896.638789 1905.663319 1914.687849 1923.712379 1932.736909
2042.176449 2014.909989 1987.643529 1960.377069 1933.110609 1905.844149 1878.577689 1878.577689 1878.577689 1878.577689 1878.577689 1878.577689 1887.602219 1896.626749 1905.651279 1914.675809 1923.700339 1932.724869
2042.164409 2014.897949 1987.631489 1960.365029 1933.098569 1905.832109 1878.565649 1878.565649 1878.565649 1878.565649 1878.565649 1878.565649 1887.590179 1896.614709 1905.639239 1914.663769 1923.688299 1932.712829
2042.152369 2014.885909 1987.619449 1960.352989 1933.086529 1905.820069 1878.553609 1878.553609 1878.553609 1878.553609 1878.553609 1878.553609 1887.578139 1896.602669 1905.627199 1914.651729 1923.676259 1932.700789
2042.140329 2014.873869 1987.607409 1960.340949 1933.074489 1905.808029 1878.541569 1878.541569 1878.541569 1878.541569 1878.541569 1878.541569 1887.566099 1896.590629 1905.615159 1914.639689 1923.664219 1932.688749
2042.128289 2014.861829 1987.595369 1960.328909 1933.062449 1905.795989 1878.529529 1878.529529 1878.529529 1878.529529 1878.529529 1878.529529 1887.554059 1896.578589 1905.603119 1914.627649 1923.652179 1932.676709
2042.116249 2014.849789 1987.583329 1960.316869 1933.050409 1905.783949 1878.517489 1878.517489 1878.517489 1878.517489 1878.517489 1878.517489 1887.542019 1896.566549 1905.591079 1914.615609 1923.640139 1932.664669
2042.104209 2014.837749 1987.571289 1960.304829 1933.038369 1905.771909 1878.505449 1878.505449 1878.505449 1878.505449 1878.505449 1878.505449 1887.529979 1896.554509 1905.579039 1914.603569 1923.628099 1932.652629
2042.092169 2014.825709 1987.559249 1960.292789 1933.026329 1905.759869 1878.493409 1878.493409 1878.493409 1878.493409 1878.493409 1878.493409 1887.517939 1896.542469 1905.566999 1914.591529 1923.616059 1932.640589
2042.080129 2014.813669 1987.547209 1960.280749 1933.014289 1905.747829 1878.481369 1878.481369 1878.481369 1878.481369 1878.481369 1878.481369 1887.505899 1896.530429 1905.554959 1914.579489 1923.604019 1932.628549
2042.068089 2014.801629 1987.535169 1960.268709 1933.002249 1905.735789 1878.469329 1878.469329 1878.469329 1878.469329 1878.469329 1878.469329 1887.493859 1896.518389 1905.542919 1914.567449 1923.591979 1932.616509
2042.056049 2014.789589 1987.523129 1960.256669 1932.990209 1905.723749 1878.457289 1878.457289 1878.457289 1878.457289 1878.457289 1878.457289 1887.481819 1896.506349 1905.530879 1914.555409 1923.579939 1932.604469
2042.044009 2014.777549 1987.511089 1960.244629 1932.978169 1905.711709 1878.445249 1878.445249 1878.445249 1878.445249 1878.445249 1878.445249 1887.469779 1896.494309 1905.518839 1914.543369 1923.567899 1932.592429
2042.031969 2014.765509 1987.499049 1960.232589 1932.966129 1905.699669 1878.433209 1878.433209 1878.433209 1878.433209 1878.433209 1878.433209 1887.457739 1896.482269 1905.506799 1914.531329 1923.555859 1932.580389
2042.019929 2014.753469 1987.487009 1960.220549 1932.954089 1905.687629 1878.421169 1878.421169 1878.421169 1878.421169 1878.421169 1878.421169 1887.445699 1896.470229 1905.494759 1914.519289 1923.543819 1932.568349
2042.007889 2014.741429 1987.474969 1960.208509 1932.942049 1905.675589 1878.409129 1878.409129 1878.409129 1878.409129 1878.409129 1878.409129 1887.433659 1896.458189 1905.482719 1914.507249 1923.531779 1932.556309
2041.995849 2014.729389 1987.462929 1960.196469 1932.930009 1905.663549 1878.397089 1878.397089 1878.397089 1878.397089 1878.397089 1878.397089 1887.421619 1896.446149 1905.470679 1914.495209 1923.519739 1932.544269
2041.983809 2014.717349 1987.450889 1960.184429 1932.917969 1905.651509 1878.385049 1878.385049 1878.385049 1878.385049 1878.385049 1878.385049 1887.409579 1896.434109 1905.458639 1914.483169 1923.507699 1932.532229
2041.971769 2014.705309 1987.438849 1960.172389 1932.905929 1905.639469 1878.373009 1878.373009 1878.373009 1878.373009 1878.373009 1878.373009 1887.397539 1896.422069 1905.446599 1914.471129 1923.495659 1932.520189
2041.959729 2014.693269 1987.426809 1960.160349 1932.893889 1905.627429 1878.360969 1878.360969 1878.360969 1878.360969 1878.360969 1878.360969 1887.385499 1896.410029 1905.434559 1914.459089 1923.483619 1932.508149
2041.947689 2014.681229 1987.414769 1960.148309 1932.881849 1905.615389 1878.348929 1878.348929 1878.348929 1878.348929 1878.348929 1878.348929 1887.373459 1896.397989 1905.422519 1914.447049 1923.471579 1932.496109
2041.935649 2014.669189 1987.402729 1960.136269 1932.869809 1905.603349 1878.336889 1878.336889 1878.336889 1878.336889 1878.336889 1878.336889 1887.361419 1896.385949 1905.410479 1914.435009 1923.459539 1932.484069
2041.923609 2014.657149 1987.390689 1960.124229 1932.857769 1905.591309 1878.324849 1878.324849 1878.324849 1878.324849 1878.324849 1878.324849 1887.349379 1896.373909 1905.398439 1914.422969 1923.447499 1932.472029
2041.911569 2014.645109 1987.378649 1960.112189 1932.845729 1905.579269 1878.312809 1878.312809 1878.312809 1878.312809 1878.312809 1878.312809 1887.337339 1896.361869 1905.386399 1914.410929 1923.435459 1932.459989
2041.899529 2014.633069 1987.366609 1960.100149 1932.833689 1905.567229 1878.300769 1878.300769 1878.300769 1878.300769 1878.300769 1878.300769 1887.325299 1896.349829 1905.374359 1914.398889 1923.423419 1932.447949
2041.887489 2014.621029 1987.354569 1960.088109 1932.821649 1905.555189 1878.288729 1878.288729 1878.288729 1878.288729 1878.288729 1878.288729 1887.313259 1896.337789 1905.362319 1914.386849 1923.411379 1932.435909
2041.875449 2014.608989 1987.342529 1960.076069 1932.809609 1905.543149 1878.276689 1878.276689 1878.276689 1878.276689 1878.276689 1878.276689 1887.301219 1896.325749 1905.350279 1914.374809 1923.399339 1932.423869
2041.863409 2014.596949 1987.330489 1960.064029 1932.797569 1905.531109 1878.264649 1878.264649 1878.264649 1878.264649 1878.264649 1878.264649 1887.289179 1896.313709 1905.338239 1914.362769 1923.387299 1932.411829
2041.851369 2014.584909 1987.318449 1960.051989 1932.785529 1905.519069 1878.252609 1878.252609 1878.252609 1878.252609 1878.252609 1878.252609 1887.277139 1896.301669 1905.326199 1914.350729 1923.375259 1932.399789
2041.839329 2014.572869 1987.306409 1960.039949 1932.773489 1905.507029 1878.240569 1878.240569 1878.240569 1878.240569 1878.240569 1878.240569 1887.265099 1896.289629 1905.314159 1914.338689 1923.363219 1932.387749
